3
1
8
1
2
3
2
4
2
8
test_err
4
3
3
V 1
18
torch.DoubleTensor
1
39
1
1
4
4
3
V 1
19
torch.DoubleStorage
39
0.21558441986390384 0.20914146469313963 0.20476779473170051 0.20638978383993409 0.20217446644761103 0.20464110682164813 0.20531301255134293 0.2078326277292645 0.20204223050007233 0.20225369736969082 0.20241617761220246 0.20400341866502689 0.20759232465067812 0.2002764859330334 0.20529813640263855 0.20563629106754938 0.20124511776895182 0.20173127627409923 0.20284856857555364 0.20295939401538116 0.20379187870414661 0.20164157041903311 0.20057072202377413 0.20024429196155411 0.20108422873748055 0.20250784982388931 0.19918598527743842 0.20147598895104171 0.20103491190699974 0.20112793459160258 0.20000319018350812 0.2012207316101868 0.20287071354406136 0.20215997168801608 0.20456065443974575 0.20120322840490745 0.20060096700956967 0.20021809084998879 0.20327425202909666
2
9
train_err
4
5
3
V 1
18
torch.DoubleTensor
1
39
1
1
4
6
3
V 1
19
torch.DoubleStorage
39
0.03036420288150396 0.025267548890911092 0.025028406853558557 0.024931904588886913 0.02479927310964471 0.024735834724811171 0.02468185458799901 0.02466551374672411 0.02462084509505964 0.02458485101249732 0.024526446868296223 0.024503249715099387 0.024494227488474917 0.024468526197408823 0.024426573057970177 0.024400786969743762 0.024428078806378452 0.024421555742028377 0.024387655115093571 0.024408030542946213 0.024349066857086942 0.024394384196234995 0.024360502809858676 0.02432956112983118 0.024350908552756376 0.024325554366017754 0.024309151871388247 0.024348119617981737 0.024363019174641905 0.024338449595593718 0.024315940736312644 0.024324350208782597 0.02429913900620527 0.024327768420677534 0.024307379368799526 0.024264936660377642 0.024287786540132288 0.024287884388417537 0.024248045486014547
2
9
train_acc
4
7
3
V 1
18
torch.DoubleTensor
1
39
1
1
4
8
3
V 1
19
torch.DoubleStorage
39
89.542999999999992 90.019000000000005 90.034999999999997 89.911000000000001 89.932999999999993 89.983000000000004 89.956999999999994 89.944999999999993 89.974000000000004 89.935000000000002 90.007999999999996 89.971000000000004 89.992000000000004 89.991 90.010000000000005 90.061999999999998 89.975000000000009 89.968999999999994 89.887 89.932999999999993 90.027000000000001 89.995999999999995 89.992999999999995 89.963999999999999 89.974000000000004 90.013000000000005 90.082999999999998 89.936000000000007 89.944999999999993 89.980999999999995 90.076999999999998 89.912999999999997 89.924999999999997 89.902000000000001 89.951999999999998 90.037000000000006 90.066999999999993 89.956000000000003 90.051999999999992
2
8
test_acc
4
9
3
V 1
18
torch.DoubleTensor
1
39
1
1
4
10
3
V 1
19
torch.DoubleStorage
39
89.549999999999997 89.680000000000007 89.600000000000009 89.759999999999991 89.620000000000005 89.670000000000002 89.545000000000002 89.75 89.77000000000001 89.525000000000006 89.539999999999992 89.670000000000002 89.579999999999998 89.739999999999995 89.704999999999998 89.704999999999998 89.790000000000006 89.515000000000001 89.724999999999994 89.715000000000003 89.549999999999997 89.795000000000002 89.480000000000004 89.849999999999994 89.664999999999992 89.825000000000003 89.689999999999998 89.724999999999994 89.625 89.625 89.664999999999992 89.655000000000001 89.85499999999999 89.890000000000001 89.605000000000004 89.659999999999997 89.719999999999999 89.640000000000001 89.614999999999995
1
3
3
11
4
2
8
test_err
4
12
3
V 1
18
torch.DoubleTensor
1
39
1
1
4
13
3
V 1
19
torch.DoubleStorage
39
0.3546905446505107 0.33083798903583295 0.32782438246359596 0.31912080891131106 0.32189694887510861 0.31590503029673389 0.31141385577097291 0.31626187322511673 0.31363728204455016 0.31626814106435708 0.31650192240704 0.31782311965424065 0.31544071609680197 0.31155150051583813 0.30917556318534961 0.30824076492916824 0.31033460592198558 0.31209939331179859 0.30914503416474626 0.31099470946062857 0.31067589859942835 0.31233694987264804 0.30738249589984407 0.30768157620788406 0.31221216418929443 0.30741826930430949 0.31380227916889708 0.30592908972142785 0.30506444774315822 0.30654975750272206 0.31140110983428021 0.3059378466812791 0.31022120843007656 0.31053437479935514 0.30964438588261683 0.30643389724481196 0.3075796835748546 0.30793852796776028 0.30665378460873327
2
9
train_err
4
14
3
V 1
18
torch.DoubleTensor
1
39
1
1
4
15
3
V 1
19
torch.DoubleStorage
39
0.052253130936265685 0.042083939748385896 0.040715287206845578 0.040072115353313696 0.039729949489815841 0.03958080100075774 0.039462344083942162 0.039331991711870969 0.039251745262784812 0.039152784668349719 0.039070725576732183 0.038989638329480263 0.038945508283038714 0.038908934398304423 0.038874027814063808 0.038877083364398886 0.038877011987344529 0.038805258451135527 0.038748202896467722 0.03874739127612014 0.038740929063708136 0.038730878934187245 0.038690618918766344 0.038666321610715843 0.038668955864348868 0.038651148404440547 0.038634725356442814 0.038618253052371793 0.038660149130730785 0.038604132521061957 0.038567697377508668 0.038563149745929719 0.038554553913858113 0.038560839626107075 0.038570338255961872 0.038560188946134687 0.038470778456239162 0.038501412003385221 0.038486860640249955
2
9
train_acc
4
16
3
V 1
18
torch.DoubleTensor
1
39
1
1
4
17
3
V 1
19
torch.DoubleStorage
39
84.444666666666663 86.251999999999995 86.280000000000001 86.420666666666662 86.48533333333333 86.393333333333331 86.420666666666662 86.450000000000003 86.477999999999994 86.484000000000009 86.504666666666665 86.555333333333323 86.552666666666667 86.547333333333327 86.48266666666666 86.472666666666669 86.421333333333322 86.568666666666672 86.501333333333335 86.564666666666668 86.50266666666667 86.539333333333332 86.520666666666671 86.538666666666657 86.556666666666672 86.573999999999998 86.554666666666662 86.513333333333335 86.456000000000003 86.483333333333334 86.578666666666663 86.546000000000006 86.519999999999996 86.556666666666672 86.554000000000002 86.5 86.606000000000009 86.533333333333331 86.614000000000004
2
8
test_acc
4
18
3
V 1
18
torch.DoubleTensor
1
39
1
1
4
19
3
V 1
19
torch.DoubleStorage
39
85.606666666666669 86.123333333333335 86.293333333333337 86.286666666666662 86.156666666666666 86.493333333333339 86.436666666666667 86.129999999999995 86.159999999999997 86.166666666666671 86.219999999999999 86.266666666666666 86.359999999999999 86.453333333333333 86.196666666666673 86.183333333333337 86.453333333333333 86.063333333333333 86.50333333333333 86.173333333333332 86.336666666666659 86.180000000000007 86.283333333333331 86.333333333333329 86.480000000000004 86.066666666666663 86.293333333333337 86.180000000000007 86.183333333333337 86.329999999999998 86.339999999999989 86.073333333333338 86.099999999999994 86.093333333333334 86.266666666666666 86.413333333333327 86.196666666666673 86.316666666666663 86.283333333333331
1
4
3
20
4
2
8
test_err
4
21
3
V 1
18
torch.DoubleTensor
1
39
1
1
4
22
3
V 1
19
torch.DoubleStorage
39
0.48850407376832161 0.46042684592709604 0.43636103262916998 0.43687967421176954 0.42619254072803386 0.43216061524768873 0.42135343102321715 0.42349849145543239 0.42442933929545706 0.42986933505364577 0.41989728165464729 0.4228202587409115 0.41933727059826842 0.42240231640694781 0.4200324590315081 0.42158874134130631 0.41671176044087321 0.42311373999231139 0.41472641342698607 0.41768008402202506 0.42195617022670251 0.42829848169054757 0.42645708736113819 0.41878269444833932 0.418247582841417 0.42204060584010084 0.41830216054563341 0.41855979382904862 0.42223469874033553 0.41821086456403372 0.42097678526446081 0.42346218415885434 0.41648042431286486 0.42501375580651901 0.41944667342117792 0.41823866945222282 0.42073306621843404 0.42124156209839164 0.42120499802339689
2
9
train_err
4
23
3
V 1
18
torch.DoubleTensor
1
39
1
1
4
24
3
V 1
19
torch.DoubleStorage
39
0.07090658970944555 0.055779607493245828 0.053179651622903695 0.051800526744488644 0.050897005557455161 0.050385030709459731 0.049837802251052714 0.049486909032834647 0.049207709729461639 0.04886014973552421 0.048690985642091525 0.048463492511690853 0.048314028351443314 0.048176230737137678 0.048056603460850562 0.04794585388705945 0.047799011743326507 0.047727028319668262 0.047662784927029342 0.047572497822395116 0.047470417522849473 0.047387490510809011 0.047340973022623412 0.047233291020782962 0.047264755552530187 0.047130297311094034 0.047053868400280634 0.047012158684375721 0.04696355125715368 0.046923227634946052 0.046926237043813074 0.046843274955683134 0.046781630119736503 0.04674857342854144 0.046700800381538309 0.046691863739014253 0.046646765277974955 0.046600683777412007 0.046522329568766348
2
9
train_acc
4
25
3
V 1
18
torch.DoubleTensor
1
39
1
1
4
26
3
V 1
19
torch.DoubleStorage
39
80.397499999999994 83.329999999999998 83.819500000000005 84.103000000000009 84.257499999999993 84.344999999999999 84.521500000000003 84.659499999999994 84.739000000000004 84.867999999999995 84.804500000000004 84.957499999999996 84.955500000000001 84.984499999999997 85.092999999999989 85.102999999999994 85.161000000000001 85.146999999999991 85.244 85.237499999999997 85.270499999999998 85.3125 85.401499999999999 85.418000000000006 85.392499999999998 85.403999999999996 85.470500000000001 85.468500000000006 85.515000000000001 85.501999999999995 85.478499999999997 85.5 85.545000000000002 85.5625 85.61999999999999 85.575999999999993 85.622500000000002 85.655000000000001 85.6875
2
8
test_acc
4
27
3
V 1
18
torch.DoubleTensor
1
39
1
1
4
28
3
V 1
19
torch.DoubleStorage
39
82.407499999999999 82.925000000000011 83.377499999999998 83.422499999999999 83.549999999999997 83.512500000000003 83.504999999999995 83.672499999999999 83.515000000000001 83.657499999999999 83.642499999999998 83.587500000000006 83.599999999999994 83.525000000000006 83.787500000000009 83.614999999999995 83.817499999999995 83.694999999999993 83.685000000000002 83.737499999999997 83.609999999999999 83.534999999999997 83.670000000000002 83.689999999999998 83.677500000000009 83.635000000000005 83.769999999999996 83.584999999999994 83.590000000000003 83.689999999999998 83.694999999999993 83.572500000000005 83.644999999999996 83.689999999999998 83.6875 83.577500000000001 83.60499999999999 83.685000000000002 83.522499999999994
1
5
3
29
4
2
8
test_err
4
30
3
V 1
18
torch.DoubleTensor
1
39
1
1
4
31
3
V 1
19
torch.DoubleStorage
39
0.58741040377289222 0.5442775897551575 0.52149203478275463 0.51967353718526033 0.5215324010521476 0.51264798755230567 0.51240260930602355 0.505819742617165 0.508596904909553 0.51390832107201556 0.5070208600641094 0.5197720144343202 0.52314902777707717 0.52586916762312585 0.52765363432979184 0.52914526978655441 0.52264396593037232 0.52940374813817603 0.53121296072585433 0.53585121590911178 0.53907014111457741 0.5387767436005767 0.54265947333540066 0.54122376342956835 0.55252326743094571 0.55131767384563513 0.55884120857433461 0.55483199328190724 0.55861923207835718 0.56415244095030259 0.56548731411176578 0.57149606754439974 0.57454217612560543 0.57365746551145069 0.57513855703509342 0.58076675860266291 0.58279097109708067 0.58734008329940235 0.59038374862050591
2
9
train_err
4
32
3
V 1
18
torch.DoubleTensor
1
39
1
1
4
33
3
V 1
19
torch.DoubleStorage
39
0.087402707337283184 0.069134561338593997 0.065026384055952763 0.062770463079665204 0.061163773762594867 0.059964402682133246 0.059001415576918854 0.058085087264397685 0.057398371187249907 0.056718993400465136 0.056153020730429389 0.055545952674872424 0.055065928987213207 0.054590836414238744 0.054139393028282273 0.053725111405904899 0.053291792647563528 0.052952586056495651 0.052595000447441739 0.05225445399137555 0.051855268305334594 0.051590184161174425 0.05130971466420748 0.05095642130045594 0.050660203424897778 0.050448607997373468 0.050162123235582626 0.049888426121050412 0.049679912196614391 0.049472086402832433 0.049184120912482053 0.048995521925849932 0.048810674450411748 0.048626945653724558 0.048366859229664473 0.048225359695971359 0.048011001798264702 0.047850429600210881 0.047666533978705239
2
9
train_acc
4
34
3
V 1
18
torch.DoubleTensor
1
39
1
1
4
35
3
V 1
19
torch.DoubleStorage
39
76.980000000000004 80.557999999999993 81.476800000000011 82.056399999999996 82.525599999999997 82.806399999999996 83.142400000000009 83.406800000000004 83.644800000000004 83.831599999999995 84.051200000000009 84.273200000000003 84.406400000000005 84.533199999999994 84.678799999999995 84.953999999999994 85.028800000000004 85.173200000000008 85.341200000000001 85.412000000000006 85.55080000000001 85.69919999999999 85.729200000000006 85.909599999999998 85.988799999999998 86.039600000000007 86.200800000000001 86.270400000000009 86.347200000000001 86.377200000000002 86.535600000000002 86.564799999999991 86.61999999999999 86.711600000000004 86.816000000000003 86.8172 86.934799999999996 86.961200000000005 87.031199999999998
2
8
test_acc
4
36
3
V 1
18
torch.DoubleTensor
1
39
1
1
4
37
3
V 1
19
torch.DoubleStorage
39
79.837999999999994 80.967999999999989 81.141999999999996 81.225999999999999 81.406000000000006 81.620000000000005 81.47999999999999 81.745999999999995 81.914000000000001 81.602000000000004 81.628 81.756 81.756 81.640000000000001 81.769999999999996 81.647999999999996 81.75 81.721999999999994 81.632000000000005 81.789999999999992 81.560000000000002 81.471999999999994 81.467999999999989 81.789999999999992 81.521999999999991 81.640000000000001 81.50800000000001 81.463999999999999 81.561999999999998 81.422000000000011 81.463999999999999 81.420000000000002 81.5 81.242000000000004 81.459999999999994 81.310000000000002 81.394000000000005 81.390000000000001 81.378
1
6
3
38
4
2
8
test_err
4
39
3
V 1
18
torch.DoubleTensor
1
39
1
1
4
40
3
V 1
19
torch.DoubleStorage
39
0.69188806745689568 0.64048093682268914 0.62936676720225493 0.62211067758311001 0.61565345423893525 0.62364041110505475 0.6201338876152962 0.6192539496880104 0.62036851646561963 0.62806558527916778 0.63124577865408094 0.6362725955170202 0.64365489189378333 0.64402122327092071 0.65860100074308847 0.66488294655538238 0.66792533848700542 0.6705962741442405 0.67564509599564337 0.68884037178539181 0.69450165282165455 0.70294048038364754 0.70152496122231778 0.71828541039278027 0.72150867711819999 0.73052209505943477 0.73457792399857691 0.74101016283173993 0.74731457122353051 0.74907853329806784 0.75844207135087183 0.76775702363992204 0.78362207269021678 0.78201933236984977 0.79635029910108401 0.79473351776790024 0.8000979203846591 0.807869490832407 0.82954947561699366
2
9
train_err
4
41
3
V 1
18
torch.DoubleTensor
1
39
1
1
4
42
3
V 1
19
torch.DoubleStorage
39
0.10228331131698973 0.081791534090824486 0.076800165818890168 0.073906739341314781 0.071743456485618307 0.070002612188226135 0.068518671360638092 0.06724537127037955 0.066161149277643883 0.065126624451300921 0.06416529770754191 0.063253210906489762 0.062488271035895319 0.061629561591028482 0.060891040830399736 0.060187107409488176 0.059546181851149495 0.058932647862260421 0.058269490193521838 0.057739092717439718 0.057149469375924175 0.056593039438330522 0.056107676574931008 0.05559701664077165 0.055120397251097866 0.054629551176325439 0.054197262019049335 0.053808661573308485 0.053367532272546182 0.052929222204549362 0.052651404779788927 0.052252759314499575 0.051891536144320842 0.051365454580236863 0.051096212143616142 0.050813661837079069 0.050491617004779957 0.050262021047713018 0.049859480704947161
2
9
train_acc
4
43
3
V 1
18
torch.DoubleTensor
1
39
1
1
4
44
3
V 1
19
torch.DoubleStorage
39
73.927666666666667 77.986333333333334 79.165666666666667 79.832000000000008 80.397333333333336 80.888999999999996 81.266000000000005 81.630666666666656 81.953000000000003 82.199666666666673 82.578666666666663 82.832999999999998 83.010333333333335 83.340000000000003 83.551333333333332 83.774333333333331 83.936333333333337 84.123666666666665 84.334333333333333 84.426666666666677 84.707333333333338 84.840666666666664 84.943333333333342 85.097333333333339 85.280999999999992 85.381666666666661 85.541333333333341 85.617000000000004 85.725666666666669 85.933333333333323 86.007666666666665 86.10466666666666 86.163666666666671 86.405666666666676 86.450666666666663 86.486666666666665 86.589666666666659 86.666333333333341 86.812666666666672
2
8
test_acc
4
45
3
V 1
18
torch.DoubleTensor
1
39
1
1
4
46
3
V 1
19
torch.DoubleStorage
39
76.993333333333339 78.161666666666662 78.683333333333337 78.745000000000005 78.829999999999998 78.99666666666667 78.966666666666669 78.984999999999999 78.931666666666672 78.924999999999997 78.898333333333341 78.920000000000002 78.86999999999999 78.780000000000001 78.543333333333337 78.640000000000001 78.539999999999992 78.510000000000005 78.5 78.188333333333333 78.286666666666676 78.224999999999994 78.273333333333326 78.063333333333333 78.081666666666678 77.88666666666667 77.88333333333334 77.806666666666672 77.829999999999998 77.829999999999998 77.841666666666669 77.931666666666672 77.571666666666673 77.5 77.518333333333331 77.513333333333335 77.283333333333331 77.281666666666666 77.394999999999996
1
7
3
47
4
2
8
test_err
4
48
3
V 1
18
torch.DoubleTensor
1
39
1
1
4
49
3
V 1
19
torch.DoubleStorage
39
0.79612038607036917 0.75060346231987385 0.74809588036485619 0.72957253385117371 0.72308384885677002 0.73056581148967259 0.7324294132890965 0.73772982705086021 0.73912097580951408 0.74258119651969168 0.75079529125136857 0.76298810614593671 0.76254308446078056 0.77892373282939698 0.78127282442296531 0.78694125141798854 0.79643652516628993 0.8066409959993549 0.81156573393317988 0.82523168790464507 0.82997350103770839 0.83564031157465646 0.85043683669719405 0.86573817932124808 0.86562545418079917 0.88115659514561084 0.88481232970548063 0.90561511787404358 0.90483233969595722 0.91452753710953039 0.92471246449431332 0.92543785580413862 0.94803279718542632 0.94392036601500029 0.95502389428924617 0.96696533019584474 0.99037810998954723 0.98989978516768751 0.99346054250953331
2
9
train_err
4
50
3
V 1
18
torch.DoubleTensor
1
39
1
1
4
51
3
V 1
19
torch.DoubleStorage
39
0.11699872580791637 0.095392935943192467 0.089623637103923959 0.086127221381476257 0.083553862245728874 0.081555466331450568 0.079812493599057455 0.078299856310762694 0.076873699007152324 0.075668282344076521 0.074483393115654495 0.073430742188941772 0.072450181514787437 0.071576439357645572 0.070731217842862071 0.069947792629985545 0.069202028320925854 0.068354656463923122 0.067677645500185249 0.067015295661440918 0.066323784936470995 0.065724009736279967 0.065201285895970448 0.06462748374839429 0.064084438963112278 0.063639392304717463 0.06307333580994412 0.06255152894816457 0.062120117972590566 0.061711488932290094 0.061111430627757111 0.06076141700383289 0.060364171125540933 0.060026302675714731 0.059614880323122163 0.059233545456795621 0.058923698543809452 0.058477609959764046 0.05825202224301191
2
9
train_acc
4
52
3
V 1
18
torch.DoubleTensor
1
39
1
1
4
53
3
V 1
19
torch.DoubleStorage
39
70.537999999999997 75.092285714285708 76.407428571428568 77.296571428571426 77.946857142857141 78.452285714285722 78.911714285714282 79.313428571428574 79.73142857142858 80.073714285714289 80.350857142857151 80.698857142857136 80.927428571428578 81.157428571428568 81.378857142857143 81.644857142857148 81.871428571428567 82.109999999999999 82.221142857142866 82.410000000000011 82.657428571428568 82.798285714285711 82.939714285714288 83.088285714285718 83.249714285714276 83.364285714285714 83.532857142857139 83.721428571428575 83.780857142857144 83.880571428571429 84.062285714285707 84.151714285714291 84.220571428571432 84.317714285714288 84.471142857142851 84.566000000000003 84.638571428571424 84.729428571428571 84.793428571428578
2
8
test_acc
4
54
3
V 1
18
torch.DoubleTensor
1
39
1
1
4
55
3
V 1
19
torch.DoubleStorage
39
74.157142857142858 75.280000000000001 75.765714285714282 76.004285714285714 76.278571428571425 76.128571428571419 76.324285714285708 76.095714285714294 76.122857142857143 76.204285714285717 75.841428571428565 76.031428571428577 75.835714285714289 75.631428571428572 75.761428571428567 75.535714285714278 75.625714285714281 75.299999999999997 75.394285714285715 75.272857142857134 75.170000000000002 75.054285714285712 74.917142857142863 74.754285714285714 74.902857142857144 74.818571428571417 74.621428571428567 74.609999999999999 74.487142857142857 74.382857142857134 74.402857142857144 74.198571428571427 74.001428571428576 74.180000000000007 73.939999999999998 74.047142857142859 73.980000000000004 73.817142857142855 73.780000000000001
1
8
3
56
4
2
8
test_err
4
57
3
V 1
18
torch.DoubleTensor
1
39
1
1
4
58
3
V 1
19
torch.DoubleStorage
39
0.90845260683254747 0.86364308238503673 0.84469725758100289 0.84179417336297591 0.83570017637811289 0.84119426634302685 0.83921030329986335 0.85670290726792886 0.85210573235035847 0.8694462375388019 0.8664916084460923 0.88014743649085414 0.87882953545392772 0.8955795320428771 0.90357150356287752 0.90671248041187247 0.91086218025540389 0.92296440102438593 0.93182740236138339 0.94396681661672577 0.95373691806117988 0.9563866373599561 0.96091753385587531 0.9764329338968768 0.98157690147130072 0.98815046985167976 0.99489046088345801 1.0092140508454179 1.0145251720417359 1.0280432216318214 1.0454464143582838 1.0365472010418144 1.0508549274399595 1.0698586854346843 1.0521440440426839 1.0682622849171488 1.0784776456656588 1.0861357519922297 1.0947792312090787
2
9
train_err
4
59
3
V 1
18
torch.DoubleTensor
1
39
1
1
4
60
3
V 1
19
torch.DoubleStorage
39
0.13101290782154906 0.10891007434607756 0.10280814906512213 0.099058205528709656 0.096365638112904703 0.094241120240526957 0.092466053994151115 0.090894774231445555 0.089528296977760088 0.088230227449651685 0.087072860036581254 0.086060121995893024 0.08497779538355904 0.084120227362834157 0.083213951469989791 0.08241307371816349 0.081625640539747496 0.08091946140982767 0.080214430061633063 0.079479015892563482 0.078802610490114264 0.078346735836535647 0.077656857019595016 0.077099350254350704 0.076560867954866801 0.075984845635818921 0.075453949432697634 0.075024921997013314 0.074569775416514536 0.074035908617216775 0.073619799401998129 0.073183820435434629 0.072837056188531993 0.072384874959233209 0.072039401241182188 0.071585317929770922 0.071305776890448577 0.070893188265815157 0.070591300832147957
2
9
train_acc
4
61
3
V 1
18
torch.DoubleTensor
1
39
1
1
4
62
3
V 1
19
torch.DoubleStorage
39
67.216250000000002 72.109749999999991 73.580250000000007 74.45675 75.120750000000001 75.650999999999996 76.083750000000009 76.467500000000001 76.901750000000007 77.195999999999998 77.493250000000003 77.811499999999995 78.086999999999989 78.327500000000001 78.580249999999992 78.810000000000002 78.955750000000009 79.159750000000003 79.347999999999999 79.511499999999998 79.754499999999993 79.841999999999999 80.040000000000006 80.159000000000006 80.278499999999994 80.436499999999995 80.625250000000008 80.718999999999994 80.857749999999996 80.985249999999994 81.060000000000002 81.218999999999994 81.3185 81.419750000000008 81.497 81.635750000000002 81.659499999999994 81.815749999999994 81.877499999999998
2
8
test_acc
4
63
3
V 1
18
torch.DoubleTensor
1
39
1
1
4
64
3
V 1
19
torch.DoubleStorage
39
70.756249999999994 72.142499999999998 72.65625 72.890000000000001 72.969999999999999 73.048749999999998 73.161249999999995 72.891249999999999 72.960000000000008 72.850000000000009 72.783749999999998 72.768750000000011 72.487500000000011 72.393749999999997 72.147499999999994 72.311250000000001 72.219999999999999 72.123750000000001 71.891249999999999 71.727500000000006 71.875 71.628749999999997 71.700000000000003 71.548750000000013 71.336250000000007 71.329999999999998 71.355000000000004 71.289999999999992 71.108750000000001 70.998750000000001 70.956249999999997 70.925000000000011 70.726250000000007 70.745000000000005 70.700000000000003 70.596249999999998 70.625 70.555000000000007 70.493750000000006
1
9
3
65
4
2
8
test_err
4
66
3
V 1
18
torch.DoubleTensor
1
39
1
1
4
67
3
V 1
19
torch.DoubleStorage
39
1.0084653696692591 0.95737619500832649 0.94435494603822168 0.93856388345927599 0.94416185199240132 0.93893418528298156 0.93811146042129923 0.94856984404214906 0.95660879316696568 0.96125943966090921 0.96597973281252969 0.97224457236639927 0.98178332761954157 0.99590490534056575 0.99620464673912079 1.0065641695595533 1.0192139304546222 1.0298214397382226 1.0218194327190819 1.0368633653300945 1.0403037342902088 1.0442332781259933 1.0534423787247285 1.0612128064663895 1.0804698455799346 1.0771279023720779 1.0822462219314097 1.0934232246281701 1.0957220762853479 1.1037610977801708 1.1164907566194944 1.1215034316699048 1.1392843418372409 1.1346333342427919 1.1385773253173368 1.1510095821137758 1.1590620319470488 1.1581498604516591 1.1792366669572787
2
9
train_err
4
68
3
V 1
18
torch.DoubleTensor
1
39
1
1
4
69
3
V 1
19
torch.DoubleStorage
39
0.14414223967395295 0.12066768262664616 0.11471650887484511 0.11107160009354271 0.10841349315531497 0.10623951373997825 0.10444103674070136 0.10278877429373059 0.10137394685153746 0.10008707047208083 0.098930400128401222 0.09793589170518488 0.096896745613842455 0.09596139147286302 0.095176452501044451 0.094367188789810069 0.093626843785015082 0.092903740693848186 0.092236986855714145 0.091558993657493024 0.090938310696360422 0.090406484965138784 0.089813594386120923 0.089273428001721042 0.088727629066205002 0.088231436870060451 0.087768790183969728 0.087318470127015282 0.08680768153523391 0.086417016275402589 0.086006169063194346 0.085637050277893645 0.085185058459767551 0.084847306880802498 0.084512402232661085 0.084155105424398663 0.083718071523818924 0.083450124890427094 0.083149548737680837
2
9
train_acc
4
70
3
V 1
18
torch.DoubleTensor
1
39
1
1
4
71
3
V 1
19
torch.DoubleStorage
39
64.346666666666664 69.278444444444446 70.709777777777788 71.643777777777771 72.237555555555559 72.810222222222222 73.271555555555551 73.695777777777778 74.094666666666669 74.427555555555557 74.73533333333333 74.908000000000001 75.229333333333344 75.481777777777779 75.74088888888889 75.885777777777776 76.080444444444439 76.284222222222226 76.420666666666676 76.655777777777772 76.766222222222225 76.911111111111111 77.099333333333334 77.203111111111113 77.334000000000003 77.472444444444449 77.546666666666667 77.677111111111103 77.821111111111108 77.98266666666666 78.081111111111113 78.175111111111107 78.284666666666666 78.349777777777774 78.439777777777778 78.539555555555552 78.645111111111106 78.695111111111117 78.821111111111108
2
8
test_acc
4
72
3
V 1
18
torch.DoubleTensor
1
39
1
1
4
73
3
V 1
19
torch.DoubleStorage
39
67.882222222222225 69.477777777777789 69.843333333333334 70.13111111111111 70.299999999999997 70.296666666666667 70.24222222222221 70.243333333333339 70.109999999999999 70.061111111111103 70.022222222222226 70.02000000000001 69.728888888888889 69.75888888888889 69.532222222222217 69.643333333333331 69.296666666666667 69.438888888888897 69.098888888888894 69.109999999999999 69.126666666666665 68.921111111111117 69.041111111111107 68.840000000000003 68.665555555555557 68.548888888888897 68.456666666666663 68.359999999999999 68.267777777777781 68.174444444444447 68.066666666666663 68.024444444444441 67.86999999999999 67.841111111111104 67.810000000000002 67.74111111111111 67.603333333333339 67.446666666666673 67.617777777777775
