3
1
5
1
5
3
2
4
2
8
test_err
4
3
3
V 1
18
torch.DoubleTensor
1
40
1
1
4
4
3
V 1
19
torch.DoubleStorage
40
0.53559603144884105 0.50978749036192894 0.50117053430199621 0.49374279248118402 0.49119994256138799 0.48461917488336564 0.4846999941408634 0.48626222079753878 0.48203847378730774 0.48461049697518349 0.48959895080924032 0.48346449966788291 0.48719936535716057 0.49270721805334089 0.48771670712947846 0.48782281164646146 0.487528472802639 0.49323901469469073 0.49641598652720453 0.49466768079161644 0.49523801356792452 0.49571687311172485 0.50036857074737551 0.4982109590792656 0.5017233290445805 0.50363976100683217 0.5028240523159504 0.4997851222360134 0.50346369832754134 0.50164225558996201 0.50464836378455158 0.51089440818786624 0.50914299292683607 0.51138142929673192 0.51157430091500278 0.51495318114042277 0.51437609889388081 0.51905245547294621 0.51578176324725156 0.51708479567766186
2
9
train_err
4
5
3
V 1
18
torch.DoubleTensor
1
40
1
1
4
6
3
V 1
19
torch.DoubleStorage
40
0.078431164433836936 0.064841652677536013 0.061939135094672443 0.060333726904064418 0.059199358480781318 0.058372290628641847 0.057718738560914994 0.057154510244250299 0.056688599722385408 0.056225041346073153 0.055877775021582844 0.05552066896864772 0.055200364431113001 0.054922912354618311 0.054664419162899255 0.054407735264033079 0.054172350854814054 0.053955011241108179 0.053729042140215635 0.053576486297219991 0.053398126139551402 0.05319322443705797 0.053044198803633452 0.052885921974897387 0.052701398944824937 0.052560974148660899 0.052396760784804819 0.052313194857507947 0.052195334957748654 0.052001689304828645 0.051885141876369716 0.051768039725005627 0.051653621776521205 0.05151209681150317 0.05144068104186654 0.051296634772598743 0.051214178808301689 0.051108739761561155 0.051017610305279494 0.050915411934971809
2
9
train_acc
4
7
3
V 1
18
torch.DoubleTensor
1
40
1
1
4
8
3
V 1
19
torch.DoubleStorage
40
78.753600000000006 81.339799999999997 82.060599999999994 82.377800000000008 82.747600000000006 82.951599999999999 83.120799999999988 83.258600000000001 83.430000000000007 83.594400000000007 83.710399999999993 83.847200000000001 83.924800000000005 84.024600000000007 84.171599999999998 84.273200000000003 84.351200000000006 84.423000000000002 84.509399999999999 84.600200000000001 84.646000000000001 84.741 84.808799999999991 84.874600000000001 84.964799999999997 85.018600000000006 85.131999999999991 85.107399999999998 85.174399999999991 85.270800000000008 85.304999999999993 85.338400000000007 85.379400000000004 85.4756 85.4602 85.514200000000002 85.598799999999997 85.625 85.6648 85.714199999999991
2
8
test_acc
4
9
3
V 1
18
torch.DoubleTensor
1
40
1
1
4
10
3
V 1
19
torch.DoubleStorage
40
80.840000000000003 81.623999999999995 81.772000000000006 81.816000000000003 81.882999999999996 82.060999999999993 81.99499999999999 82.091000000000008 82.077999999999989 82.165999999999997 82.055000000000007 82.075000000000003 82.210000000000008 82.242000000000004 82.185000000000002 82.126000000000005 82.257999999999996 82.150999999999996 81.981000000000009 82.097999999999999 82.126999999999995 82.135999999999996 82.105999999999995 82.077999999999989 82.138999999999996 82.006 82.140000000000001 82.116 82.197000000000003 82.064999999999998 82.211999999999989 81.955999999999989 82.170000000000002 82.013000000000005 82.108000000000004 82.085999999999999 82.207999999999998 81.986999999999995 82.13000000000001 82.096000000000004
1
6
3
11
4
2
8
test_err
4
12
3
V 1
18
torch.DoubleTensor
1
40
1
1
4
13
3
V 1
19
torch.DoubleStorage
40
0.6377616297682126 0.61267720214029153 0.5995407130291065 0.5857224712649981 0.58930344190498196 0.58662311200797557 0.58816686744888624 0.58802705544431999 0.58724921565155186 0.59366375236511226 0.59405220974882444 0.59900665550231935 0.60006992970108985 0.60189095245699087 0.60386717546284197 0.60801976905663813 0.6150801177422206 0.61219646171828113 0.62084975974361101 0.62072598808507129 0.62229142626325284 0.62551966352760791 0.63492560675541565 0.63312633813321595 0.63391287731826307 0.63936563359101617 0.64287761459251247 0.65004100017746291 0.65399457131624217 0.65209082699914778 0.65357811494469642 0.65736418670117858 0.66555343413949009 0.6644053848256668 0.67262026027043664 0.67240625102023288 0.67742424100041387 0.68323331302801771 0.68354920524358753 0.68664931224485237
2
9
train_err
4
14
3
V 1
18
torch.DoubleTensor
1
40
1
1
4
15
3
V 1
19
torch.DoubleStorage
40
0.092609969472164905 0.077021165020018822 0.073355700514763589 0.071128697511504094 0.069618099918564158 0.0683581749462088 0.06740539752905568 0.066599972144712999 0.065832942400152486 0.065225567301958803 0.064632762793377041 0.064107298568164314 0.063622543923680983 0.063172355574915809 0.062741633772204319 0.062318643733834229 0.061924519730781516 0.061647937619710963 0.061269605910976729 0.060978729661554099 0.060604529459128774 0.060315983293106161 0.05999834043001135 0.059791576204523446 0.059477943367064003 0.059230776138454677 0.059005881052017213 0.058769705820977687 0.058495502565974994 0.058232438414345188 0.058074951240296165 0.057883043950994813 0.057641396068707107 0.057427867040559646 0.057224906713614861 0.057059627838631471 0.05688711339878539 0.056675331307575107 0.056479243663748104 0.056345095822686951
2
9
train_acc
4
16
3
V 1
18
torch.DoubleTensor
1
40
1
1
4
17
3
V 1
19
torch.DoubleStorage
40
75.809666666666658 78.907000000000011 79.737000000000009 80.259166666666673 80.666000000000011 80.986666666666665 81.244166666666658 81.476500000000001 81.660333333333341 81.854833333333332 82.058499999999995 82.216999999999999 82.359166666666667 82.507499999999993 82.674333333333337 82.831500000000005 82.92283333333333 83.020333333333326 83.1905 83.255499999999998 83.384499999999989 83.525499999999994 83.632333333333335 83.667166666666674 83.813999999999993 83.901166666666668 83.970833333333331 84.061333333333337 84.177666666666667 84.260166666666663 84.334666666666664 84.352000000000004 84.483166666666662 84.551666666666677 84.631999999999991 84.683499999999995 84.751666666666665 84.790166666666664 84.883333333333326 84.912333333333336
2
8
test_acc
4
18
3
V 1
18
torch.DoubleTensor
1
40
1
1
4
19
3
V 1
19
torch.DoubleStorage
40
78.112499999999997 79.016666666666666 79.219999999999999 79.383333333333326 79.416666666666671 79.424166666666665 79.523333333333341 79.610833333333332 79.493333333333339 79.507499999999993 79.50833333333334 79.382499999999993 79.341666666666669 79.369166666666672 79.338333333333338 79.302499999999995 79.274999999999991 79.195833333333326 79.197500000000005 79.280000000000001 79.181666666666658 79.12166666666667 79.186666666666667 79.077500000000001 78.976666666666659 78.92583333333333 78.876666666666665 78.910833333333329 78.983333333333334 78.950000000000003 78.899166666666659 78.790000000000006 78.912499999999994 78.860833333333332 78.774999999999991 78.630833333333342 78.698333333333338 78.649999999999991 78.555833333333339 78.582499999999996
1
7
3
20
4
2
8
test_err
4
21
3
V 1
18
torch.DoubleTensor
1
40
1
1
4
22
3
V 1
19
torch.DoubleStorage
40
0.74451875273840773 0.71230019223093988 0.70323006743533267 0.69930559664538927 0.70083566277027132 0.69854966742311209 0.69626406327486035 0.69885521025742803 0.70121138979792597 0.69728992617556029 0.70186510818089753 0.71322783199122974 0.70776979109304294 0.71674906518118719 0.71884013255749435 0.72048113405789649 0.72094109114919391 0.73097784630996843 0.7307072463495391 0.73267659744705471 0.73627792835150441 0.74271473708663671 0.74271571750811172 0.74835649561285977 0.75683309146421296 0.75987160256845609 0.75815074483496803 0.7620715477602823 0.76717403822881836 0.7677706166684628 0.77032201967665126 0.77487562424966272 0.77403235206944598 0.77653359544106892 0.78075763885463989 0.78537801647015981 0.79244638227309494 0.79374619115505896 0.79987252838015555 0.79706238041945865
2
9
train_err
4
23
3
V 1
18
torch.DoubleTensor
1
40
1
1
4
24
3
V 1
19
torch.DoubleStorage
40
0.10675722478466375 0.090212386217606924 0.086104494431934187 0.083732698668241498 0.082079879380677429 0.080796699138858494 0.079687506537522587 0.078777014784600058 0.077965442424097225 0.077284774924005775 0.07665029373411622 0.076025511600034582 0.07552693849552955 0.075024289718547035 0.074556687221101356 0.074125894621631924 0.07366087944743889 0.073309558508119418 0.072905934673207148 0.072604114141166215 0.07227813597928201 0.071930261622390579 0.071618552073921482 0.071324220422846932 0.071020820605584553 0.070775116971837623 0.070534168716009177 0.070227192063118726 0.069993080485527007 0.069801031775304251 0.069552788157377921 0.069302264641267916 0.06907251440852881 0.068858405307659076 0.068678644060769248 0.068438347370156222 0.068235577299573594 0.068037945718211784 0.067858708172717261 0.067693369161273748
2
9
train_acc
4
25
3
V 1
18
torch.DoubleTensor
1
40
1
1
4
26
3
V 1
19
torch.DoubleStorage
40
72.641571428571424 76.137142857142862 77.121857142857138 77.694714285714284 78.073428571428565 78.403142857142853 78.708285714285722 79.005571428571429 79.209857142857146 79.431142857142859 79.527857142857144 79.74971428571429 79.878571428571433 80.014428571428581 80.17557142857143 80.287428571428578 80.446571428571431 80.535142857142858 80.660428571428568 80.756142857142848 80.846428571428575 80.982285714285723 81.071285714285708 81.18514285714285 81.245714285714286 81.34542857142857 81.416285714285721 81.537142857142854 81.593000000000004 81.659000000000006 81.755714285714291 81.844999999999999 81.884 81.938428571428574 82.03557142857143 82.102714285714285 82.165857142857149 82.262571428571434 82.292000000000002 82.348857142857142
2
8
test_acc
4
27
3
V 1
18
torch.DoubleTensor
1
40
1
1
4
28
3
V 1
19
torch.DoubleStorage
40
75.267857142857139 76.162142857142854 76.500714285714295 76.575000000000003 76.66357142857143 76.705714285714294 76.792142857142849 76.767857142857139 76.824285714285708 76.777857142857144 76.765714285714282 76.705714285714294 76.665714285714287 76.59142857142858 76.455714285714279 76.595714285714294 76.450714285714284 76.348571428571432 76.252857142857138 76.298571428571421 76.328571428571422 76.150714285714287 76.263571428571424 76.174999999999997 75.957857142857137 76.063571428571436 76.01857142857142 76.002857142857138 75.980714285714285 75.825714285714284 75.876428571428562 75.898571428571429 75.877857142857138 75.806428571428569 75.851428571428571 75.697857142857146 75.707857142857137 75.715714285714284 75.590000000000003 75.458571428571432
1
8
3
29
4
2
8
test_err
4
30
3
V 1
18
torch.DoubleTensor
1
40
1
1
4
31
3
V 1
19
torch.DoubleStorage
40
0.86142968352288007 0.82186300558075309 0.80587339377626777 0.8039088896021247 0.79875450702905659 0.80271728123798969 0.80991738406345248 0.80403870000615718 0.81182070642411708 0.81327944163009525 0.81395893022939558 0.81826167200431232 0.82182992078736428 0.82259514926150445 0.82944681265577669 0.82757195644751191 0.8320017459660769 0.83474109302386645 0.83742097580134867 0.84331620379686356 0.84643044427633285 0.84905812855437401 0.85326569910645489 0.8550446642972529 0.86062335290908809 0.85910154678896067 0.86827761793807146 0.87139373556822541 0.87151084162071346 0.87586051019653677 0.87878511027544737 0.88070936773419384 0.88524305047020313 0.89090852973908186 0.88870424830317496 0.89006079100817437 0.89433071487620475 0.89512760050743823 0.89865752179324632 0.90396263527348641
2
9
train_err
4
32
3
V 1
18
torch.DoubleTensor
1
40
1
1
4
33
3
V 1
19
torch.DoubleStorage
40
0.12063477301476523 0.1031303697309643 0.099020356799438602 0.096535545475352549 0.094879684490803626 0.093478669397793715 0.092350553225409235 0.09145032952614128 0.090632385001052168 0.089902178544532502 0.089263989230506116 0.088597497531604022 0.088060586944855745 0.087629807309303434 0.087139054615963246 0.086698079601619391 0.086310813914630566 0.085915796517133713 0.085532342777214942 0.085193203364182263 0.084893117997758089 0.084542424106057737 0.084259189154971395 0.083913617874421184 0.083697224692888553 0.083411305798254912 0.083139651437066489 0.082920231838114561 0.082689349931031469 0.082463400387335573 0.082230618059020488 0.082047015097774567 0.081812665440998966 0.081633732657693331 0.081414708671774721 0.081204491577465093 0.081055459926091131 0.080841136305518452 0.08074618331067264 0.08048983615685254
2
9
train_acc
4
34
3
V 1
18
torch.DoubleTensor
1
40
1
1
4
35
3
V 1
19
torch.DoubleStorage
40
69.626000000000005 73.383750000000006 74.364874999999998 74.941000000000003 75.35275 75.757125000000002 75.977874999999997 76.247 76.438625000000002 76.637750000000011 76.814374999999998 76.974625000000003 77.132750000000001 77.261500000000012 77.378749999999997 77.541375000000002 77.660125000000008 77.721499999999992 77.858000000000004 77.976875000000007 78.003750000000011 78.144999999999996 78.229375000000005 78.326125000000005 78.408999999999992 78.460624999999993 78.563124999999999 78.610500000000002 78.71275 78.770375000000001 78.826750000000004 78.890500000000003 78.957499999999996 79.023125000000007 79.060749999999999 79.184250000000006 79.217375000000004 79.234249999999989 79.276499999999999 79.354624999999999
2
8
test_acc
4
36
3
V 1
18
torch.DoubleTensor
1
40
1
1
4
37
3
V 1
19
torch.DoubleStorage
40
72.258750000000006 73.326875000000001 73.795000000000002 73.888750000000002 74.089375000000004 74.033124999999998 74.003124999999997 73.998750000000001 73.942499999999995 73.90187499999999 73.936875000000001 73.846874999999997 73.851250000000007 73.776250000000005 73.765625 73.741250000000008 73.66749999999999 73.505624999999995 73.490624999999994 73.410624999999996 73.361874999999998 73.365624999999994 73.374375000000001 73.303750000000008 73.209374999999994 73.304999999999993 73.058749999999989 72.968125000000001 73.032499999999999 73.061875000000001 72.943749999999994 72.957499999999996 72.965625000000003 72.833749999999995 72.740625000000009 72.802500000000009 72.753749999999997 72.657499999999999 72.648124999999993 72.651250000000005
1
9
3
38
4
2
8
test_err
4
39
3
V 1
18
torch.DoubleTensor
1
40
1
1
4
40
3
V 1
19
torch.DoubleStorage
40
0.96685781572858498 0.92694499155879018 0.91490033928420811 0.90972164255380628 0.91258867854211068 0.90689797275529971 0.90983381676408981 0.90766955599387489 0.91465887657735079 0.91885209232237608 0.9186300931195418 0.9202230316844251 0.93250045677688387 0.93045239403910107 0.93433355054259304 0.93559200375676155 0.9355318804423014 0.93810867456992464 0.94145609987046985 0.94221306192742449 0.94674075111680556 0.9510372673385673 0.95474130806326862 0.95741640258431437 0.95462670604785282 0.96123075069586439 0.96206944391727445 0.96720706662933031 0.97236325315899319 0.97003425116009179 0.97392040464745633 0.97919157021045689 0.97821936521927511 0.9770030066033204 0.98316198701858526 0.98317461019886865 0.98509525318410662 0.99038597850534649 0.99336797096067009 0.99611852752566332
2
9
train_err
4
41
3
V 1
18
torch.DoubleTensor
1
40
1
1
4
42
3
V 1
19
torch.DoubleStorage
40
0.1332015026340882 0.11547141608994868 0.11138544093100561 0.10898844166926212 0.10728016880315211 0.10597355508049329 0.10489686572612987 0.10402826723002725 0.10320576710280445 0.10258108463542329 0.1019617811138928 0.10143486398039593 0.10090557475098305 0.1004970806892713 0.1000244246667458 0.099659227720234125 0.099307261614998185 0.098931186477624708 0.098594904088609742 0.09827020138781932 0.098018842306418552 0.097742794402490063 0.097495434886266788 0.097234259021017289 0.096979254021445915 0.096775776743955086 0.096567329788274231 0.096294489230811589 0.096105749824311998 0.095931606639093822 0.095721318311293921 0.095549138981815843 0.09536694968470269 0.095189132610311117 0.094969370392163591 0.094825730483498835 0.094702271389431422 0.094523815397322172 0.094355747461699779 0.094239039385798903
2
9
train_acc
4
43
3
V 1
18
torch.DoubleTensor
1
40
1
1
4
44
3
V 1
19
torch.DoubleStorage
40
66.551777777777772 70.536111111111111 71.561555555555557 72.142777777777781 72.518000000000001 72.87533333333333 73.147888888888886 73.383222222222216 73.617888888888899 73.74422222222222 73.905000000000001 74.064888888888888 74.187777777777768 74.309222222222232 74.450555555555553 74.560444444444443 74.611555555555555 74.75644444444444 74.853888888888889 74.914000000000001 74.978666666666669 75.072555555555553 75.182777777777773 75.223666666666674 75.336444444444439 75.337888888888898 75.421999999999997 75.511444444444436 75.551666666666662 75.608222222222224 75.658555555555552 75.669888888888892 75.736000000000004 75.770333333333326 75.882111111111101 75.920777777777786 75.951999999999998 75.992222222222225 76.053666666666658 76.042111111111112
2
8
test_acc
4
45
3
V 1
18
torch.DoubleTensor
1
40
1
1
4
46
3
V 1
19
torch.DoubleStorage
40
69.24444444444444 70.402777777777786 70.794444444444451 70.997777777777785 70.980555555555554 71.111111111111114 71.162777777777777 71.11333333333333 71.010555555555555 70.965555555555554 70.958333333333329 70.876111111111101 70.733333333333334 70.737777777777779 70.663888888888891 70.685555555555553 70.688333333333333 70.542222222222222 70.532777777777781 70.551666666666662 70.392777777777781 70.36666666666666 70.282777777777781 70.180555555555557 70.241666666666674 70.151666666666671 70.166666666666671 70.095555555555549 70.111666666666679 70.071666666666658 69.924444444444447 69.86666666666666 69.966666666666669 69.845555555555563 69.859999999999999 69.771666666666661 69.788333333333327 69.706111111111113 69.670000000000002 69.658888888888896
